2.
2.0958426095647535
2.186899501330149
2.279134703818264
2.3800894638773107
2.500090931549653
2.654255142896559
2.8660999296869543
3.174571847197159
3.6488590181147864
4.42277700149712
5.785113884570771
8.460733849231673
14.733361339085274
35.2817584959258
200.42015468944098
1173.3369913467304
60.606747480676994
19.63821233037241
9.73081491004844
5.834499501152438
3.882020759035223
2.745943145443826
2.013528753300351
1.5048385823039518
1.1313013078625536
0.8451820938962537
0.6188149232212748
0.4351088011495987
0.2828173349864048
0.15399500185410972
0.04251752761944912
-0.05686851160642958
-0.1492509297117393
-0.2401922709881268
-0.3364598537397271
-0.4470367532826234
-0.5847266699203274
-0.7689546497514265
-1.0310466302250747
-1.4249777934817613
-2.0512804194752485
-3.116452630115483
-5.104024219937264
-9.382154287118624
-21.20996308394763
-78.11326946814248
-6514.062475320884
-129.0268201402974
-27.055545152737402
-10.633735266460564
-5.102270004161751
-2.5561893701861047
-1.1536756182143777
-0.2836220615179208
0.3038066231718719
0.7260827768900906
1.0443444287969084
1.2930241377778502
1.4928474069801245
1.6570925977958728
1.7948537355537437
1.91287506969443
2.016677291623529
2.1113390965399152
2.2021456755565634
2.2952618084763343
2.3985974708496416
2.523114558777721
2.685026719715977
2.9098186582322993
3.2401646821100494
3.7528702937650475
4.598935357877684
6.111439032245577
9.153150486784327
16.5830600025045
43.161004027221814
344.0560385564423
472.999851829232
47.58790117051357
17.10830903456245
8.839260413198536
5.416768201922156
3.6498749953900997
2.601207538443086
1.9155048883643433
1.4342304057091655
1.0780120122094545
0.8035040501647961
0.5853033199680353
0.40755206228230445
0.25969831592696335
0.13418708772725566
0.02509760045262579
-0.07275011762368506
-0.16447844175813767
-0.25579656219537583
-0.3537623843371867
-0.4678663980522698
-0.6117837532329831
-0.8064738259308999
-1.0860971003323572
-1.5102284011414362
-2.1914821630535415
-3.365665926426829
-5.599920014892
-10.565788590347744
-25.16968491979323
-108.4039613767721
-51053.280585220906
-90.43178994396821
-22.557115722259194
-9.318487589508788
-4.543979073523294
-2.2646149906830617
-0.9795372421717481
-0.1693280129712651
0.38421974367523815
0.7856970976751505
1.0903350327601924
1.329608976213263
1.5226655596394552
1.681903307571744
1.8159184090826537
1.9311833698824923
2.033095686910484
2.1267246242124895
2.217453277975159
2.311671117030424
2.4176928282723944
2.547175305155065
2.717539156722878
2.9564495282827394
3.3107600250399667
3.8659433905592206
4.792939146454635
6.477628015095432
9.953884565146716
18.84332927937263
54.118702999341195
724.7833847044191
254.0635485201059
38.38472797716672
15.04515173381643
8.06657203251043
5.042086695153926
3.4369470524723233
2.4663430190706706
1.82309761188033
1.3670818914510634
1.0269944293688633
0.7633972764881302
0.5529237466181562
0.38083403103375946
0.23720738689933574
0.11484183567740103
0.007995395432386015
-0.08845739761511916
-0.17969135949237672
-0.271583425317262
-0.37151199079524955
-0.4895230619043729
-0.6402478174228583
-0.8463401722615557
-1.1451224424897233
-1.6024987236620776
-2.3449791562449227
-3.642881596241862
-6.165158721022013
-11.972769313523818
-30.30328218110527
-160.12204884250892
-2215.346095474614
-66.74227730738781
-19.041142399724947
-8.201813645857557
-4.049355891400876
-1.999385509025392
-0.8182387770605195
-0.06205938513396125
0.460436672398739
0.8426241304825666
1.1345042310419915
1.3649018196720881
1.5515358912904738
1.7060055721376077
1.8364553280094085
1.9491148671684986
2.049279178849138
2.142025911345411
2.2328552645643764
2.3284067903165586
2.4374388735306782
2.5723696602596733
2.751948469238906
3.0062616922119956
3.3868588659515675
3.9891032484449647
5.0071621790582395
6.890217038007844